0  0.0
1  0.7213223148052295
2  1.308464022857626
3  1.768844164159576
4  1.7236807712529414
5  1.6993567273735013
6  1.8447510006941152
7  1.8801310317278428
8  1.8854758499024826
9  1.9468922424225352
10  1.9755981447885822
11  1.9988636613444983
12  1.9785970834624274
13  1.8882273470033029
14  1.8702621749738857
15  1.9525522517747493
16  2.071953065033277
17  2.1145625350571966
18  2.140462511693401
19  2.1724558139563888
20  2.1595788406517062
21  2.206144191132972
22  2.294470211855916
23  2.2946447219310078
24  2.2489014753802206
25  2.2272474796324278
26  2.232807575104274
27  2.2380286045748172
28  2.251853143673829
29  2.246229931440596
30  2.207658905370134
31  2.1903623987916503
32  2.2270627466067934
33  2.286639750938299
34  2.3138659739936
35  2.3061821076647933
36  2.2877923946007317
37  2.2849167734654827
38  2.3093631455556842
39  2.3267801934135353
40  2.322160286466875
41  2.3093347875596733
42  2.307376814659239
43  2.311210648275929
44  2.3014664051889824
45  2.2918874299693845
46  2.28853365585773
47  2.2660039561664127
48  2.2475541049559906
49  2.248787851426133
50  2.246109690075131
51  2.2300893617380777
52  2.2126511568018863
53  2.2156709992164054
54  2.2003721410768886
55  2.1843362914242412
56  2.1776142585439926
57  2.154998091454616
58  2.135867457696388
59  2.125703395243243
60  2.138027362942722
61  2.145242311280836
62  2.118246904366366
63  2.094843226821263
64  2.0712053535751376
65  2.037846007924726
66  2.0241657886479385
67  2.0231359736170873
68  2.024020973790642
69  2.045894810790756
70  2.0726916173510457
71  2.089179793489948
72  2.100574943725322
73  2.0931045743237506
74  2.089257405698319
75  2.079045038815058
76  2.0498853837312985
77  2.038354059528698
78  2.0200572679727182
79  1.9988827246695133
80  2.008471181467964
81  2.028260092196771
82  2.031716477538664
83  2.0366786299644164
84  2.048689899335495
85  2.0388790608562006
86  2.0174882683310034
87  2.003198898414215
88  1.9991445824747047
89  2.0015758495801657
90  1.992886069607536
91  1.9884430747586948
92  2.004668405777016
93  2.014365344493599
94  2.0199609847723634
95  2.025895270959571
96  2.03311806752756
97  2.0377844931413427
98  2.0310135566866614
99  2.029819029666395
100  2.0281875816925363
101  2.0261633734900206
102  2.0356347548921554
103  2.0429147665689316
104  2.0407582899321324
105  2.0425342588179745
106  2.0501867782054566
107  2.06110923302884
108  2.0685278701593175
109  2.076368810117288
110  2.084690656326328
111  2.081687755126784
112  2.0842410586787636
113  2.090900573781527
114  2.0881231543154453
115  2.0828441946492093
116  2.072768899293858
117  2.0610385105419153
118  2.057188825269625
119  2.055517515301869
120  2.053729100822292
121  2.055863023149841
122  2.0637503752133113
123  2.064899925548053
124  2.0558893524028345
125  2.0410051374141016
126  2.0307713001890177
127  2.028519088812324
128  2.024203356642736
129  2.0171659587221638
130  2.0060112999049604
131  1.9999040938991552
132  2.0096630999337615
133  2.0216467562219576
134  2.027001710500234
135  2.0277776116108845
136  2.026525373599257
137  2.023742836087284
138  2.021923549718402
139  2.0212670748799324
140  2.012950800954657
141  2.0033943617916763
142  2.0009360752391823
143  2.002156260941652
144  1.9996759567393354
145  1.994119473635448
146  1.99242201287193
147  1.992759865647883
148  1.9875890198744044
149  1.9883110919803415
150  1.994833325402773
151  1.9972543246709669
152  2.0031706592192786
153  2.006693115831122
154  2.009452479387061
155  2.0170962104469434
156  2.0249223208625087
157  2.0250700842501983
158  2.018093757594683
159  2.0221222837831045
160  2.0325211989008625
161  2.042837412232403
162  2.050623515482827
163  2.050757651005157
164  2.051976083837523
165  2.0543082436280433
166  2.0582307191907874
167  2.0605271549575765
168  2.0571763263849117
169  2.05248911078051
170  2.044254829723823
171  2.0426366272617917
172  2.041517508800482
173  2.0359260307114364
174  2.032738773320973
175  2.027583225079179
176  2.019260834855586
177  2.012112270895508
178  2.0100242676403695
179  2.007577851833021
180  2.0040051069518827
181  2.0022768670130144
182  1.999506137224318
183  2.0038399809639498
184  2.0064413129188003
185  1.9971683634287332
186  1.9898175080023732
187  1.9892058495197444
188  1.9910403267806351
189  1.9854143362908252
190  1.9752986780641684
191  1.966592696264872
192  1.965213658488557
193  1.970432286537571
194  1.9717720580137263
195  1.9762440108624715
196  1.9822516683717972
197  1.9817548116213328
198  1.9852531911949787
199  1.992712514639793
200  1.996895925367258
201  1.999595550562792
202  2.001614383372013
203  1.9965812177984548
204  1.9897499663738372
205  1.990605737002473
206  1.993308480532999
207  1.9932412916424946
208  1.9928363176736648
209  1.9918018238592883
210  1.991765204433328
211  1.9953892729113756
212  1.9961631433914804
213  1.990473705954457
214  1.9835868560282446
215  1.9757906527985019
216  1.9736647795873195
217  1.978634914827636
218  1.980762105155494
219  1.9790350679379787
220  1.974313535684508
221  1.9701500663595586
222  1.9633471350209715
223  1.9567439882730393
224  1.9560324358188192
225  1.9553790511910287
226  1.9530449992626069
227  1.9541160510479947
228  1.9551529580556537
229  1.9536667676390682
230  1.9550647190597878
231  1.9581850798020772
232  1.9613364731303815
233  1.962778955572898
234  1.9575498846921444
235  1.9527230602816084
236  1.952148026273542
237  1.9505025747413234
238  1.9466410702478365
239  1.9455894120454287
240  1.9455141959506368
241  1.9430725179221795
242  1.9417314165447943
243  1.9396794468407998
244  1.9400557390368844
245  1.9428624764985751
246  1.9450470691170962
247  1.9486788550078395
248  1.9533454093250497
249  1.9569836951906106
250  1.9606269075483407
251  1.9620677251658079
252  1.9625254549237485
253  1.959707277995361
254  1.9565382015974082
255  1.9530698509171258
256  1.9514200355848483
257  1.9582506438446234
258  1.9644841644456765
259  1.9640514646784717
260  1.961240463144622
261  1.9610267778225388
262  1.957347013134637
263  1.9501832271392536
264  1.9449977381140553
265  1.9421766945259693
266  1.9393321432235389
267  1.9404014930522584
268  1.9420927209332126
269  1.941973369580818
270  1.9413097159834722
271  1.9380751305029416
272  1.9347249383161504
273  1.9322374761574703
274  1.9314589636509993
275  1.9306677190597523
276  1.9325195050377522
277  1.9361812028668806
278  1.9369793016089087
279  1.9354567007383665
280  1.933541934436114
281  1.929112122395419
282  1.9262674126647918
283  1.9306661338437292
284  1.9359615741192462
285  1.9367284786303078
286  1.9357559220082183
287  1.9311324105494847
288  1.9246801356501944
289  1.9187765637632848
290  1.9132564117081305
291  1.9109903688400645
292  1.908455790075089
293  1.905340678983659
294  1.9038850047878715
295  1.9035726588570123
296  1.9022577797692526
297  1.906585498678782
298  1.9163564810336506
299  1.9203037742530757
300  1.9192934124215535
301  1.9156345715294274
302  1.911296107328114
303  1.9073293199958596
304  1.9032979418645837
305  1.9013123325763357
306  1.900858996632677
307  1.90234386364688
308  1.9043799824330654
309  1.9092409308620952
310  1.9115783724531787
311  1.9098209553596182
312  1.9106826893396678
313  1.9100472586638748
314  1.905732466353189
315  1.9009349181221307
316  1.8981234319915763
317  1.8961120026244542
318  1.8967308018955433
319  1.8994290819862991
320  1.901893826989231
321  1.9014865592647823
322  1.90032325279844
323  1.9004758325830229
324  1.900450233078621
325  1.901099649113385
326  1.9029191343369316
327  1.9034562500843266
328  1.900602222113213
329  1.8989444116603986
330  1.8973345750232076
331  1.8967003565462388
332  1.8964813853138567
333  1.8933655805039025
334  1.8921789819492771
335  1.8907118950505641
336  1.890377987457912
337  1.892324229171961
338  1.8948757263135652
339  1.8960331712740497
340  1.89340762036814
341  1.892287560213727
342  1.8917912921445343
343  1.889699680450191
344  1.8847305572732003
345  1.8793404042269495
346  1.8757066472208064
347  1.8734463256616485
348  1.8753551560683408
349  1.8795272987885914
350  1.8812767647697954
351  1.8823593379994619
352  1.8833966446093533
353  1.8812707353746523
354  1.8806751639263128
355  1.8809763941680862
356  1.8802204933916484
357  1.880920449339472
358  1.8823208086476952
359  1.8818052693623843
360  1.8787002679144973
361  1.8778327642676051
362  1.8765882441660937
363  1.874785947895336
364  1.8738061272992117
365  1.874469767449967
366  1.8785589220375891
367  1.8820200069737014
368  1.8812549478608975
369  1.8814399337030825
370  1.8861144676874393
371  1.886865975701364
372  1.8874899009762538
373  1.890302160715676
374  1.8913002125442242
375  1.8911591246617538
376  1.894691492916702
377  1.8995772695570712
378  1.9006155114063863
379  1.901832269481111
380  1.9026198406831376
381  1.9019826752883966
382  1.900384211176175
383  1.9009364927274823
384  1.900808859638865
385  1.8990050586936655
386  1.9036004369061716
387  1.908663499751324
388  1.9070664224548912
389  1.9056224615495487
390  1.9065129010737871
391  1.9094481432016481
392  1.9136601507525783
393  1.9153388247725454
394  1.915373432820842
395  1.9152645725478745
396  1.9168295111183786
397  1.9185928874617404
398  1.91845216531262
399  1.9179242021661929
400  1.9169678039237885
401  1.9168004524728663
402  1.9191488284689826
403  1.9234084689812028
404  1.9255585655024368
405  1.9269846485072297
406  1.928296359506323
407  1.9289389643151345
408  1.9305798193337484
409  1.928235082515412
410  1.9244595379609486
411  1.9252229908968723
412  1.9272828652501786
413  1.9277693528492397
414  1.92626837604189
415  1.9218881181327403
416  1.9170998188414945
417  1.9153268235313632
418  1.9154124909817447
419  1.914730014167605
420  1.9120174363631586
421  1.9105491333756055
422  1.9130423626466069
423  1.9156952077867773
424  1.9159496817333275
425  1.91402372666388
426  1.914068762187337
427  1.9146099843308844
428  1.9158202571628826
429  1.9182593386486861
430  1.917866403403747
431  1.9172207557309386
432  1.9177510315393957
433  1.9198686355342303
434  1.9195477254807531
435  1.917700856872888
436  1.9185726081083556
437  1.918394490194785
438  1.918682999108268
439  1.9208551573821686
440  1.9219958064195422
441  1.9214713143157742
442  1.9224965225198325
443  1.923338034079589
444  1.9221104638704611
445  1.9219855698413622
446  1.9223349392010256
447  1.9225608651872375
448  1.9217456707849423
449  1.9200814859456599
450  1.9183837112187228
451  1.9178067955325
452  1.9186827117789287
453  1.918674498626031
454  1.918605340115829
455  1.9202988381841748
456  1.9219287015786795
457  1.9218775049328423
458  1.9216372509090438
459  1.9211769774531406
460  1.9209779834460223
461  1.9208364059302105
462  1.9208405773167236
463  1.9227101033595362
464  1.923688852380378
465  1.9243279573074528
466  1.92591207906929
467  1.9263448229249727
468  1.926633121268673
469  1.9285588253607464
470  1.9309681773404581
471  1.9324100212795032
472  1.9319949413175703
473  1.9323156015430423
474  1.9337777836003955
475  1.9348191621854212
476  1.9346239880869909
477  1.934523062540449
478  1.935829347005677
479  1.93559701348954
480  1.9342597404902326
481  1.9345583805380704
482  1.934260501657181
483  1.9316255099757207
484  1.9309726059115324
485  1.9307451140868095
486  1.929201782541742
487  1.927386870831139
488  1.9272626668016772
489  1.9279476020673925
490  1.92950147723815
491  1.9327468421944378
492  1.935365809008177
493  1.9373286150939215
494  1.939181378256137
495  1.9403485215090226
496  1.9392485891929283
497  1.9373013127977938
498  1.9352879700235004
499  1.934287360788922
500  1.9340979999710983
501  1.9352641544534466
502  1.938603806566064
503  1.9413273466002559
504  1.9439057875107901
505  1.9463493524711888
506  1.9486414266867789
507  1.950311327206276
508  1.9477765338952981
509  1.9437336645183834
510  1.941474220813454
511  1.9407635504049565
512  1.9392874471542416
513  1.9397101513820907
514  1.9433536327593888
515  1.945573855585676
516  1.947526489305121
517  1.9479786267356831
518  1.9482061127463788
519  1.949822509969945
520  1.951370586912875
521  1.952000830999431
522  1.9506855490505912
523  1.950092442117685
524  1.9503923203405311
525  1.9495625244840868
526  1.9492132557098112
527  1.949173416645072
528  1.9497993564498313
529  1.950022967049911
530  1.9494350731683106
531  1.947931039342631
532  1.9462506887404596
533  1.946071022367537
534  1.9442617568824543
535  1.9445938537372722
536  1.9466738115502333
537  1.9472455433891975
538  1.9474420516816269
539  1.9497210138431773
540  1.9515439793684821
541  1.9498844624569565
542  1.9495297430947491
543  1.9492547106375662
544  1.9465460208206418
545  1.9426334753256387
546  1.939868767059666
547  1.9390422235500497
548  1.938669554342792
549  1.9397753048740631
550  1.9416013913654926
551  1.9422727457486553
552  1.9436811842503927
553  1.9423447479826466
554  1.9401402836712613
555  1.940052606592111
556  1.9414355213568746
557  1.9440269909535945
558  1.9461969086928859
559  1.9470809928893382
560  1.9465237687938313
561  1.9458455202939982
562  1.9444107619487623
563  1.9446261158537537
564  1.9464311025866754
565  1.947578636354243
566  1.9471257331981504
567  1.9464216085480657
568  1.946307258566178
569  1.9463764889788429
570  1.9463877038308521
571  1.9470796201608866
572  1.9485243471059213
573  1.94915147055201
574  1.949435729848531
575  1.9495864818196265
576  1.9507482787857093
577  1.952029086517875
578  1.9531903681435392
579  1.9538053994081286
580  1.9529804824265418
581  1.9514443099255496
582  1.9498713792766138
583  1.9486089068161512
584  1.9483137503386854
585  1.949115124583626
586  1.9487728098681718
587  1.9472077456733285
588  1.947258070457967
589  1.9485865398340425
590  1.9476728251696793
591  1.9457603726195478
592  1.9470644859023007
593  1.9506663741189272
594  1.9530186520990989
595  1.9541949590472012
596  1.9563743988912217
597  1.9590605489386874
598  1.960987837733875
599  1.960170386027792
600  1.9570856231800342
601  1.9549688368236349
602  1.9537994940346322
603  1.9526193467748976
604  1.9495033705206424
605  1.9481967075817375
606  1.9484023571623532
607  1.9470678273546844
608  1.9459999034649982
609  1.945189349080596
610  1.9430567008859843
611  1.9416153169928303
612  1.9431446191818809
613  1.9453715834139063
614  1.945841704440366
615  1.9445851837361472
616  1.9432401289073844
617  1.9412299538452746
618  1.9404647673177178
619  1.9415421150205592
620  1.9429517048784968
621  1.9445106302785289
622  1.9438886265549133
623  1.9418830835875707
624  1.9407708824957095
625  1.9398397771863505
626  1.9393083468868768
627  1.9404519686642367
628  1.9418832506985872
629  1.9424435266941618
630  1.9423770053152254
631  1.9435708808937626
632  1.946148928240825
633  1.9472747150804872
634  1.946993658130753
635  1.9469549292565216
636  1.9459091089519307
637  1.9437004744669122
638  1.942770270216401
639  1.9419547841056874
640  1.9408851627807395
641  1.94083156443117
642  1.9406000290965866
643  1.9403586178482741
644  1.9408550252228702
645  1.941758205721407
646  1.9430435070980034
647  1.9438802235669355
648  1.9436863305560423
649  1.9426257021511961
650  1.9423739779894402
651  1.9430195044716432
652  1.9428347792708034
653  1.9413954017038215
654  1.9404608048345164
655  1.9391238585667037
656  1.9383749419039253
657  1.9390217005390726
658  1.9386940343983483
659  1.9383139274643173
660  1.9381908603930533
661  1.9396806313673016
662  1.94028937896689
663  1.9396293556846744
664  1.939622226008931
665  1.9389782462086065
666  1.9393950325189202
667  1.9402237508346314
668  1.9410621251457478
669  1.942460075982907
670  1.9421712131312177
671  1.9412182628254668
672  1.9409661303939418
673  1.941092275389679
674  1.9426159325576413
675  1.945597019190645
676  1.9468397833197988
677  1.9464771034210777
678  1.9480736835031751
679  1.9501167000146749
680  1.9522772165716
681  1.9521512285977496
682  1.9504339855579316
683  1.9498584219046675
684  1.9485334057384716
685  1.948486240154486
686  1.9492957240218933
687  1.9479634193605047
688  1.94591302780539
689  1.944981092281998
690  1.9455302218700434
691  1.9449360813676253
692  1.9441024899912334
693  1.9460370487386593
694  1.94779446119262
695  1.9485950874442608
696  1.9485134589537547
697  1.947937870041927
698  1.946848517611003
699  1.945106753747346
700  1.9442029738564237
701  1.9424204934724383
702  1.940481347276942
703  1.9394870788256118
704  1.9389779391475568
705  1.9401929510924834
706  1.9406647731929432
707  1.9393911933974601
708  1.9360506909423358
709  1.932917488357221
710  1.9323711489393662
711  1.9307706365970732
712  1.929292572321503
713  1.9293111433865888
714  1.9292944399751903
715  1.9292270412703656
716  1.9300829077679276
717  1.9303161733972407
718  1.9294111744362707
719  1.9295155591817825
720  1.9305290970365743
721  1.9306567678117232
722  1.9293778910802266
723  1.928522956242813
724  1.9275293720970708
725  1.9265285623320765
726  1.9268052058081413
727  1.9271166177546717
728  1.9294788275024926
729  1.9323266368254024
730  1.9328577295126497
731  1.9334505500602908
732  1.9363074338583077
733  1.9406814889302693
734  1.9430022693480316
735  1.9425812350177143
736  1.9418628635288644
737  1.942853304081005
738  1.9425161440003664
739  1.9416025646405037
740  1.9419252504027154
741  1.9420849706468384
742  1.9421536262986658
743  1.9436151792729535
744  1.9467473879817607
745  1.9491922393103704
746  1.9516377731245915
747  1.9523655834798765
748  1.9511284194721281
749  1.9504702596051304
750  1.9499843982178329
751  1.949970260410323
752  1.9494155205874142
753  1.9473661864000502
754  1.9452016536474548
755  1.9442013238719842
756  1.9442897121056029
757  1.9447993997983255
758  1.9452402251960712
759  1.9449836668231284
760  1.9448081508614885
761  1.9452831070161793
762  1.9459948726571588
763  1.9473726259248043
764  1.9486898445395835
765  1.9491803542574329
766  1.9489212457715899
767  1.9485166560554419
768  1.9478116294695058
769  1.946609535894104
770  1.9447482080741176
771  1.942755570626537
772  1.9418970542596734
773  1.9411001324705173
774  1.9413655275981423
775  1.9418218864881565
776  1.9418694758881982
777  1.943233040673018
778  1.9440737066867972
779  1.9428475497819304
780  1.9417944638725653
781  1.9428304793634685
782  1.9430996816507786
783  1.9418442540011032
784  1.9394805248879867
785  1.9370978791211348
786  1.9351099579225162
787  1.9335538503306087
788  1.932895252503111
789  1.9319834890646348
790  1.9299389640251838
791  1.9284980136644265
792  1.9288664547041525
793  1.928825936964793
794  1.9284213734836924
795  1.9274675556353973
796  1.927370370782398
797  1.9299006238107959
798  1.9302940008733358
799  1.9286652747183093
800  1.9281058754285523
801  1.9282331462096245
802  1.9298550547265423
803  1.9322320795261831
804  1.9324551621204944
805  1.9302701293799527
806  1.9286450647409987
807  1.9282166910637957
808  1.929173484381746
809  1.929717784553573
810  1.92925584972727
811  1.930028580451935
812  1.9317651288000786
813  1.9331229220767674
814  1.9343644586094135
815  1.9353691833816233
816  1.9347021315440858
817  1.933832525857888
818  1.9333864576638577
819  1.932061844672173
820  1.9320315713658411
821  1.932278257496398
822  1.9304970815912952
823  1.9302686606264878
824  1.932644703540172
825  1.9338085925261401
826  1.9328924405955765
827  1.9312768897271309
828  1.9300016076136435
829  1.9307425871068586
830  1.9319024391007544
831  1.9325463027199734
832  1.933264545509774
833  1.9343510209308876
834  1.9359369019278352
835  1.9361700063203438
836  1.9357058405213285
837  1.9348167713460822
838  1.9348435323307163
839  1.93626599714558
840  1.9361454407720227
841  1.934931971199421
842  1.9336001684369524
843  1.933762083928196
844  1.9343089453141586
845  1.9336109600424287
846  1.9331448848063943
847  1.9326458522209962
848  1.931536793543632
849  1.9299485737442694
850  1.92931541916053
851  1.9307649662052737
852  1.9320582286419978
853  1.9323406068286797
854  1.9336310098158291
855  1.9344058809884201
856  1.9333629091296198
857  1.931870200726756
858  1.9311226307700644
859  1.9305712113163183
860  1.9298947668444628
861  1.9288336914104276
862  1.9277530863431303
863  1.928345876186145
864  1.928909351012481
865  1.927276620733754
866  1.9262662805256467
867  1.9267588103553805
868  1.925870538981193
869  1.9237952327961112
870  1.9217614821660731
871  1.921029642668811
872  1.9214322554090864
873  1.9224035975419194
874  1.9236712819092978
875  1.9228901391443969
876  1.9214514063600456
877  1.922112779856376
878  1.9248623804316727
879  1.9280163698131565
880  1.9298680035123785
881  1.9307726954583815
882  1.9311886604507154
883  1.9312264942173683
884  1.9317348737066076
885  1.93092419512595
886  1.9285474129049036
887  1.9276439553025984
888  1.928503696271002
889  1.9308610700953603
890  1.9321135041572086
891  1.93129138856924
892  1.9301606338445823
893  1.9296385365713102
894  1.930218857472079
895  1.9314347947531276
896  1.9322935729325255
897  1.9314445438850223
898  1.9291634853937898
899  1.9282755871354609
900  1.9283974834680193
901  1.9276912889948483
902  1.9269004764130913
903  1.9269373062287776
904  1.9271926543872007
905  1.9269999363585149
906  1.9267588531018525
907  1.9271081504249776
908  1.9277190283594776
909  1.927887920704328
910  1.9292021192313717
911  1.9299572103019003
912  1.9288577268190135
913  1.9291397945318538
914  1.9292451863611269
915  1.927962937140707
916  1.9268086947522207
917  1.9263185431472185
918  1.9268707301498642
919  1.9268622347352238
920  1.9265696796961649
921  1.9264504458426572
922  1.92547343885265
923  1.9250921450585292
924  1.9258283213463128
925  1.9262524765346978
926  1.9258401033807684
927  1.9253871231015598
928  1.924609888929195
929  1.9224613178063734
930  1.9204494230933027
931  1.9200051595827057
932  1.9199359968057461
933  1.919313970914358
934  1.9197354928831818
935  1.9195541456540466
936  1.9174275285496445
937  1.9167068226964579
938  1.9175408940959382
939  1.9181372659526017
940  1.9187152664130445
941  1.9186627704833867
942  1.917759353421793
943  1.9169464715690536
944  1.9174014696473491
945  1.9185736766640797
946  1.9198486400241277
947  1.9219765909321445
948  1.9230610929463972
949  1.9222186925592313
950  1.9218709782702539
951  1.9222921306121623
952  1.921650446906796
953  1.9203613878278367
954  1.9195695210100154
955  1.9185392433053736
956  1.9179722212117187
957  1.9175322470019842
958  1.9161281617817003
959  1.9151128468800767
960  1.9144976081983638
961  1.914177399544279
962  1.9137003115999192
963  1.9137604763967992
964  1.9144845523476104
965  1.914566248053091
966  1.9143241757484517
967  1.9142821369771563
968  1.9142029826980365
969  1.9148251525579898
970  1.9158255260710326
971  1.9160831484825929
972  1.916171643188864
973  1.9163501840694586
974  1.9170117556365196
975  1.917662176051435
976  1.9184266565839705
977  1.9185035591944293
978  1.917675471762322
979  1.9164246088077035
980  1.9153836813991758
981  1.9170526469418856
982  1.9188594217714505
983  1.9183067491548946
984  1.9179553535555303
985  1.918796744130009
986  1.918561305866251
987  1.9182440146677913
988  1.9182586052962698
989  1.917888194740146
990  1.9177144135265975
991  1.9176927690299195
992  1.9180329304768369
993  1.918111555427767
994  1.9178631176342193
995  1.9183476033082596
996  1.9194237424940743
997  1.919144278474202
998  1.9181303557074436
999  1.9181669119478884
1000  1.9194926822884109
1001  1.919629975236626
1002  1.9191824312951364
1003  1.919191720804562
1004  1.9200677658256662
1005  1.9221436134218182
1006  1.9242398913783612
1007  1.9261350097084737
1008  1.9272054297121421
1009  1.9282959403392586
1010  1.930271780124845
1011  1.930834753576415
1012  1.9309700904523217
1013  1.9314468878697226
1014  1.9310237845404254
1015  1.93065110380031
1016  1.9298300656782994
1017  1.9291178146029038
1018  1.9298011670037851
1019  1.9310920937385634
1020  1.9312357583242126
1021  1.9312872234642036
1022  1.9322009108372948
1023  1.9316470563409467
1024  1.9305468958665313
1025  1.9303541059753235
1026  1.9303859926472784
1027  1.9315505187062827
1028  1.9320052673705492
1029  1.931867609344716
1030  1.9318562828437729
1031  1.9315619699183229
1032  1.931734130551603
1033  1.9320185109293808
1034  1.9314902159665297
1035  1.931352313171485
1036  1.9322160787597922
1037  1.9322176171141103
1038  1.9322745637529415
1039  1.93276247508701
1040  1.933703138258404
1041  1.9345459925617585
1042  1.934415729114588
1043  1.9344968713373083
1044  1.9349480659940805
1045  1.9352456476225683
1046  1.9353689820555804
1047  1.9361926754722978
1048  1.9364468263975936
1049  1.9361803823735315
1050  1.9361317092595358
1051  1.934920529323582
1052  1.9327943307621958
1053  1.9322415648922804
1054  1.9335830499956266
1055  1.9341352957659859
1056  1.934248570488508
1057  1.9344121651999782
1058  1.935075912836968
1059  1.9359781891747139
1060  1.9358436263544088
1061  1.9357843807045767
1062  1.9360150674930083
1063  1.9357360027098856
1064  1.9358769827399964
1065  1.9368772591808805
1066  1.9372329747875876
1067  1.9371511645143942
1068  1.9371671848651169
1069  1.9366480756275672
1070  1.9355648206241172
1071  1.9347615315116595
1072  1.934625292558062
1073  1.93523607568786
1074  1.9358585100407424
1075  1.9356885825046344
1076  1.9365295990624274
1077  1.9390115718580192
1078  1.9402015042818703
1079  1.9405223494658237
1080  1.940770309258745
1081  1.9398500198610593
1082  1.9383469217670244
1083  1.93693083752133
1084  1.936415158753044
1085  1.9360777418469155
1086  1.935174744235344
1087  1.9344257731271273
1088  1.9351032261497423
1089  1.9360202048532877
1090  1.9359331274293687
1091  1.9359063173901996
1092  1.9361255534161097
1093  1.9359723636628658
1094  1.935919468738104
1095  1.9354862414865035
1096  1.9335159735003595
1097  1.9321844983605534
1098  1.932641321815506
1099  1.933010520242142
1100  1.9335363954258138
1101  1.9335172683000486
1102  1.9329600069714563
1103  1.9324249037715975
1104  1.9321391754127057
1105  1.9318677641554918
1106  1.9319656177388866
1107  1.9320070728311127
1108  1.9310525746313636
1109  1.9303486658413427
1110  1.930070004111473
1111  1.929441856885592
1112  1.9289351653315079
1113  1.9289143083245828
1114  1.9282771227281088
1115  1.928156098190055
1116  1.9283953282703048
1117  1.9287293337108322
1118  1.9287055402574906
1119  1.9273409650567213
1120  1.926047877247098
1121  1.9264401724760334
1122  1.926810011840961
1123  1.9259259672184523
1124  1.9252577180395412
1125  1.9250942463653802
1126  1.9240078732938788
1127  1.9227238899091474
1128  1.9224952766350625
1129  1.9224008471908516
1130  1.9228297785041455
1131  1.923061910843559
1132  1.9230867657250676
1133  1.9229885896496703
1134  1.922565644824644
1135  1.923418255701275
1136  1.9242370330215095
1137  1.9238968810576214
1138  1.9242850580090822
1139  1.9244238855413542
1140  1.9240571409899663
1141  1.9236692144606786
1142  1.923310930002571
1143  1.9232367287239724
1144  1.9223361947568716
1145  1.9214238314241878
1146  1.92073400558024
1147  1.9198822843401728
1148  1.9200317511214091
1149  1.9204417947190386
1150  1.919898886608073
1151  1.9200967534455076
1152  1.9206872834044388
1153  1.921447538963834
1154  1.9220380832636914
1155  1.9217185253300084
1156  1.9210221465874724
1157  1.920577022663389
1158  1.921067663069144
1159  1.921512623590527
1160  1.922118525698297
1161  1.921262063223928
1162  1.9194286390482438
1163  1.918906206465362
1164  1.9184171041308882
1165  1.9187210409561526
1166  1.9195154631678346
1167  1.9195725400494075
1168  1.9193364379403608
1169  1.9186792138549966
1170  1.9181154908151317
1171  1.9182661710195055
1172  1.9183523109327378
1173  1.9185829060384731
1174  1.9191852774112523
1175  1.9196502018717567
1176  1.9195377763062038
1177  1.9188603177936658
1178  1.9183498980466565
1179  1.9181803171801615
1180  1.9189491867199686
1181  1.920621001706225
1182  1.9219660410743968
1183  1.922940766278769
1184  1.9234657973294327
1185  1.922646465842736
1186  1.9218495908308293
1187  1.9213952414742537
1188  1.9208430124695082
1189  1.920864106030517
1190  1.9210367215925936
1191  1.9211458766883334
1192  1.9214473488316022
1193  1.92154396566109
1194  1.9207639394398397
1195  1.919772875270074
1196  1.9184804520950605
1197  1.9175721287575238
1198  1.9176878826729726
1199  1.916421782583788
1200  1.9152579704375041
1201  1.9158649952280153
1202  1.9165716294194997
1203  1.9163323800913266
1204  1.9157765829453968
1205  1.9162518503453474
1206  1.9175209144323209
1207  1.918972780205354
1208  1.9202050057522788
1209  1.921044014917632
1210  1.9212353046457973
1211  1.9207778198696532
1212  1.920455146225475
1213  1.9206015083138435
1214  1.9211466666514743
1215  1.9215396813164198
1216  1.9212304436044485
1217  1.9208163343384228
1218  1.9204721659640147
1219  1.9204787041121556
1220  1.9210709994112927
1221  1.9218000503605468
1222  1.9221526217962273
1223  1.9217996996041746
1224  1.9213487901679172
1225  1.9215759240230297
1226  1.9226344764034398
1227  1.924224488390779
1228  1.9250129616123548
1229  1.925123171221475
1230  1.9246318854470452
1231  1.924378903051366
1232  1.9252686136766122
1233  1.9260618822165316
1234  1.9268493132446045
1235  1.9277914727695977
1236  1.928316291248171
1237  1.9285377207222554
1238  1.9288030335610231
1239  1.9283208255188484
1240  1.9272334901477353
1241  1.9269659970265571
1242  1.9268369384845985
1243  1.9262443936676528
1244  1.9263530399863127
1245  1.926493819249218
1246  1.926070748183956
1247  1.9258482561940742
1248  1.926194192275756
1249  1.9268250105799645
1250  1.9271308225423955
1251  1.9271958392373094
1252  1.9276031934501305
1253  1.9284486094057656
1254  1.929175178504223
1255  1.9294533985736808
1256  1.929163605620664
1257  1.9289749826305056
1258  1.9302317273063239
1259  1.9319030284389762
1260  1.932298351885084
1261  1.9318171701933258
1262  1.931228226836938
1263  1.9312375029230358
1264  1.9308580315377333
1265  1.9300206839387624
1266  1.929294195501566
1267  1.928396995372844
1268  1.9276220979696534
1269  1.9275566900693413
1270  1.9278462073074614
1271  1.9270166855032451
1272  1.926373056442559
1273  1.9254552450374418
1274  1.924296451443646
1275  1.9244061269284047
1276  1.9250986166735329
1277  1.9259213871508614
1278  1.9262289694665606
1279  1.9257524049773778
1280  1.9249217593300714
1281  1.9251203631674112
1282  1.925749467630551
1283  1.9255350297811524
1284  1.925120340628637
1285  1.92510697655497
1286  1.9252819706518247
1287  1.9255379116056925
1288  1.9256144865120972
1289  1.924806827610186
1290  1.924085161004332
1291  1.9236822522009382
1292  1.9235674640559506
1293  1.9230913860860672
1294  1.9223095778747203
1295  1.9224813272501038
1296  1.9235384493759389
1297  1.9238540583833519
1298  1.9231158109125748
1299  1.9226590847391534
1300  1.9221477836773229
1301  1.9215312672532714
1302  1.921873863617555
1303  1.9230175848985236
1304  1.923158001803842
1305  1.9220219400685663
1306  1.9210925119134605
1307  1.9205883199960476
1308  1.9197865414408999
1309  1.9184485291859326
1310  1.9174342456512803
1311  1.9178928035279594
1312  1.919235004492165
1313  1.920412453687339
1314  1.9202826175135517
1315  1.9200461556486894
1316  1.9202351104774584
1317  1.9199194976832785
1318  1.919151655891944
1319  1.9183955200560556
1320  1.9184180810746447
1321  1.9173007665106283
1322  1.9157966983023946
1323  1.9150353730562601
1324  1.9136319943479156
1325  1.9128843517603462
1326  1.9131197490899414
1327  1.9135427689310576
1328  1.9139308118342195
1329  1.9132865162058943
1330  1.9124019127050986
1331  1.9114544241211278
1332  1.9106472693098007
1333  1.910573969280861
1334  1.9098388888031395
1335  1.9084093919426062
1336  1.9079848887661548
1337  1.907879742972019
1338  1.9074581469578782
1339  1.9073246955212853
1340  1.907206299502435
1341  1.9072748085479703
1342  1.9068728649719884
1343  1.9061623682276119
1344  1.9061819993225186
1345  1.9064992228516904
1346  1.9060451010491706
1347  1.9051940842836876
1348  1.9048337983957317
1349  1.9045500966972861
1350  1.904116963916369
1351  1.9039896272642494
1352  1.9044780697166548
1353  1.9047192532766541
1354  1.903863238335075
1355  1.9030073684658562
1356  1.9027367905721866
1357  1.9029169926934586
1358  1.903344509169461
1359  1.9033254196215128
1360  1.9033915593472006
1361  1.9035996949745582
1362  1.903025390129659
1363  1.9032350701117258
1364  1.9035426048594584
1365  1.903236010030738
1366  1.903887182309823
1367  1.903491434763279
1368  1.9025907480938549
1369  1.903717823007513
1370  1.9044570148363023
1371  1.904021700751655
1372  1.903922836158124
1373  1.904110748505377
1374  1.9046314095242491
1375  1.9052053775315665
1376  1.906182187835713
1377  1.9076822218556515
1378  1.908746365644734
1379  1.9087909026509156
1380  1.9089547386082915
1381  1.909291281905485
1382  1.908669391426051
1383  1.9082080467344977
1384  1.9082228216891342
1385  1.9085122195168662
1386  1.9092207441933717
1387  1.910218242148505
1388  1.9107555366283289
1389  1.910037885451124
1390  1.9093666776744602
1391  1.9093783242387574
1392  1.90917126442017
1393  1.9084586621234858
1394  1.9075782483424732
1395  1.9073187631171595
1396  1.9081426372468855
1397  1.9090684478537352
1398  1.909075420925736
1399  1.908884834937822
1400  1.9092842191486465
1401  1.9100755538425782
1402  1.9102573717575106
1403  1.9097171279734495
1404  1.9098214780856193
1405  1.91047895169814
1406  1.9109508483313593
1407  1.9113695856526678
1408  1.911791556222491
1409  1.9120749766297351
1410  1.912633068383857
1411  1.9127412761474023
1412  1.9122914177265364
1413  1.9115889843826865
1414  1.9104278312914746
1415  1.9097483865221312
1416  1.909753699574022
1417  1.9097832262196968
1418  1.90944463388553
1419  1.9091616801289704
1420  1.909550019990459
1421  1.909705648165708
1422  1.9093755040064395
1423  1.9093298235759062
1424  1.9097601742927255
1425  1.9101909399608097
1426  1.9107564789333658
1427  1.9103141114928393
1428  1.9095036798286735
1429  1.91008631597582
1430  1.9108310420677546
1431  1.9114085769039644
1432  1.9125659746005146
1433  1.9133969157045894
1434  1.913311306872839
1435  1.9133640260577849
1436  1.913216064545021
1437  1.9129276312370267
1438  1.9126928942107844
1439  1.9124677003339665
1440  1.9123099525167455
1441  1.912134852046101
1442  1.9114878487148685
1443  1.9108365109738434
1444  1.91099868196507
1445  1.911655775926414
1446  1.9126890909554335
1447  1.9136360452519563
1448  1.9143301071393
1449  1.9146039346159784
1450  1.9142619105069762
1451  1.9141544659915235
1452  1.9142604764088342
1453  1.9146901643119942
1454  1.9158750119915513
1455  1.9166017510558986
1456  1.9162730776776746
1457  1.9158970137547666
1458  1.9156829291021022
1459  1.9158605790748278
1460  1.9168534781157214
1461  1.9180664027904872
1462  1.9187462815164036
1463  1.9194763424959695
1464  1.920672566343865
1465  1.9207521728544663
1466  1.9198545483840628
1467  1.9193093898473355
1468  1.9189157135289774
1469  1.9185475617663112
1470  1.9185747730165306
1471  1.9187710308896997
1472  1.9192034521408823
1473  1.9196842937273406
1474  1.919986223920248
1475  1.9205446317307582
1476  1.9199598486599896
1477  1.918531799840959
1478  1.9182806468766829
1479  1.9182624354091102
1480  1.9177405607073754
1481  1.9173639261905358
1482  1.9175896377775763
1483  1.9171042502288782
1484  1.9157521847736363
1485  1.9156276190040253
1486  1.9163879292854935
1487  1.916844252545149
1488  1.9161997050001136
1489  1.9157249337954891
1490  1.9156585600793394
1491  1.915090181903199
1492  1.9142219899358868
1493  1.9136479068786827
1494  1.914169249613536
1495  1.914606137172923
1496  1.9146150418404133
1497  1.9154812772634475
1498  1.9162722981913143
1499  1.916483828805004
1500  1.9171585045028119
1501  1.9176340871095818
1502  1.9174781119221418
1503  1.917144105699858
1504  1.9172642983117307
1505  1.9180421170730573
1506  1.9182678233539048
1507  1.9177053035507985
1508  1.9176376424885968
1509  1.9177437922179097
1510  1.9166340381593605
1511  1.9153442928989592
1512  1.914843182330828
1513  1.9145871873119762
1514  1.914689037404792
1515  1.914705923286229
1516  1.91444687005407
1517  1.9139848728801934
1518  1.9138306391071356
1519  1.9141003750823808
1520  1.9136967025055764
1521  1.9124763360561088
1522  1.9116083324532671
1523  1.9118954143479738
1524  1.9120609081682813
1525  1.9119923637474796
1526  1.9123966300463275
1527  1.9133258803483117
1528  1.9141578791090892
1529  1.9137153021206972
1530  1.9134732695507748
1531  1.9139859701379471
1532  1.9149219853563089
1533  1.9154048780826156
1534  1.915416168199875
1535  1.9167739432757258
1536  1.9181786827817506
1537  1.9189856539565016
1538  1.9196931064895486
1539  1.9198182230052026
1540  1.9194598908131852
1541  1.9201242494025024
1542  1.9206600924851218
1543  1.9205800340561852
1544  1.9208169297717477
1545  1.9210892975145621
1546  1.9209437075983335
1547  1.9204374367266441
1548  1.9201510058790865
1549  1.9199758310312938
1550  1.9204709955860053
1551  1.9206526356948463
1552  1.9195783225257934
1553  1.9191350331131984
1554  1.9195238090494067
1555  1.9189407778495264
1556  1.9181326512600547
1557  1.918048007635484
1558  1.9182724446039208
1559  1.9183681083165314
1560  1.9182560410310152
1561  1.918167114797206
1562  1.9177943882930415
1563  1.9171514457193242
1564  1.9167571144004774
1565  1.9167302334804743
1566  1.9169621526727119
1567  1.9169761096408762
1568  1.9177657164707822
1569  1.9188900458031704
1570  1.9197759434582375
1571  1.920996651598523
1572  1.9215889912777009
1573  1.9214873046538634
1574  1.9215159685239496
1575  1.921511789957331
1576  1.921624623856732
1577  1.9222283838816585
1578  1.9225872884841781
1579  1.9232308758956533
1580  1.9235090136500697
1581  1.9227846803231956
1582  1.9229912680264818
1583  1.9230273854298616
1584  1.9225314580931623
1585  1.9217963869758787
1586  1.9211209227836312
1587  1.9209406697431088
1588  1.9203018831329195
1589  1.9199559692953847
1590  1.9204065830247479
1591  1.9205848389170195
1592  1.9209121470361374
1593  1.9213200396704557
1594  1.9208915623742964
1595  1.9202074632660409
1596  1.9197298474367739
1597  1.9196491656802477
1598  1.9195099632924997
1599  1.9196285443048802
1600  1.920235049966623
1601  1.9205231722524105
1602  1.9209684036692662
1603  1.9207097686194556
1604  1.9196872400277447
1605  1.9198388572706078
1606  1.920782934554897
1607  1.920875396782484
1608  1.9205776270206203
1609  1.9209162887969258
1610  1.9211868079511216
1611  1.9215265779980824
1612  1.9213454646005963
1613  1.9198263628513814
1614  1.9186143170578376
1615  1.9188687993192732
1616  1.9190101882625425
1617  1.9187440784360612
1618  1.918692281309525
1619  1.9191513199027002
1620  1.9196161425005587
1621  1.9196203556194738
1622  1.919584270547525
1623  1.919459040766715
1624  1.9193186323853295
1625  1.9192810757071757
1626  1.9191237294508876
1627  1.919197136501072
1628  1.9193569844633254
1629  1.9194006616242696
1630  1.9203913327730902
1631  1.921301405437878
1632  1.9209285343869018
1633  1.9197326387950733
1634  1.9186299461222494
1635  1.9186789599356915
1636  1.9189445845254212
1637  1.919296806404881
1638  1.9200617854556938
1639  1.9200883194913256
1640  1.920234658652066
1641  1.9204715663370662
1642  1.9203751058117335
1643  1.9202543990528267
1644  1.9202198457203918
1645  1.9205885503601003
1646  1.920743098497774
1647  1.9209872931935092
1648  1.921532973965746
1649  1.921601076387445
1650  1.9213809827687
1651  1.9219756906434622
1652  1.9228697190410369
1653  1.9227431422488992
1654  1.9219975274609566
1655  1.9217094754353174
1656  1.9214338623083504
1657  1.920682874776838
1658  1.920291566639353
1659  1.9203841731517206
1660  1.9201605071462273
1661  1.9195885340533874
1662  1.919733910536039
1663  1.9204399840218653
1664  1.9203233232580343
1665  1.9200992823872303
1666  1.9204840635675269
1667  1.9201909759415903
1668  1.9199206512351972
1669  1.9208403261545235
1670  1.9212467139404532
1671  1.920686451177452
1672  1.9208836188212708
1673  1.9212790041696037
1674  1.9207495852814356
1675  1.920643685837203
1676  1.9211983109453483
1677  1.921110838346179
1678  1.9207301263294247
1679  1.9209388260807052
1680  1.9212484105598235
1681  1.9215899673901706
1682  1.9220587892637033
1683  1.9228873437349185
1684  1.9235952471665672
1685  1.9236333391312221
1686  1.924153357793685
1687  1.924777569733802
1688  1.925596966042526
1689  1.9270237076679815
1690  1.9278088214799591
1691  1.927524699099836
1692  1.92706847562168
1693  1.9267212564360603
1694  1.9267904206054876
1695  1.9271383233699693
1696  1.9271887482433483
1697  1.92712256142134
1698  1.927742713125243
1699  1.9286489828529605
1700  1.9287531929649586
1701  1.9288436015908634
1702  1.928920806978823
1703  1.9282400719158532
1704  1.9278844526615042
1705  1.9281059182399571
1706  1.9281448880272531
1707  1.9278054024820546
1708  1.9280585484910704
1709  1.929121171315468
1710  1.9294856266695326
1711  1.929922462692952
1712  1.93041824822895
1713  1.9299379127924994
1714  1.9295389717825149
1715  1.9292695206268262
1716  1.9287056645912892
1717  1.9279645163246268
1718  1.9274666825718336
1719  1.9276619150843388
1720  1.9279769803162963
1721  1.9281696409929459
1722  1.9285675129353368
1723  1.9291617715433422
1724  1.9293075507234294
1725  1.9293080365296458
1726  1.9293551721007332
1727  1.9289017300240752
1728  1.9288260830283561
1729  1.9294242019002228
1730  1.9296547154661439
1731  1.929378879316436
1732  1.929759870626144
1733  1.930778004242106
1734  1.9314851340569426
1735  1.9313646350482574
1736  1.9304822022687576
1737  1.930678117733909
1738  1.9315630916772093
1739  1.931557425095292
1740  1.9314466463599562
1741  1.9324798234227756
1742  1.9339566397161234
1743  1.9345207513693143
1744  1.9342206616245003
1745  1.9337754900800732
1746  1.9336999035250904
1747  1.9339174391769285
1748  1.9340830264552424
1749  1.9343917736559493
1750  1.935028221805575
1751  1.9351569863494797
1752  1.9348404486195918
1753  1.9349824939548557
1754  1.9358596325219117
1755  1.936652904988943
1756  1.9368922953498446
1757  1.9369565821341972
1758  1.9373706219997757
1759  1.9378944372999272
1760  1.9379847695576262
1761  1.9382237966766724
1762  1.9381388892648292
1763  1.9379671744365232
1764  1.9380220657997003
1765  1.9382736070674385
1766  1.9386991015256887
1767  1.938694862648646
1768  1.9384394911378966
1769  1.9379844663752195
1770  1.9377861371993819
1771  1.9381521846681253
1772  1.9390110473857372
1773  1.9400781024376308
1774  1.941214007983537
1775  1.9418879374955864
1776  1.941628607282981
1777  1.9416604694801591
1778  1.9420562773575456
1779  1.9420967492205583
1780  1.9417797452889796
1781  1.9413597072599713
1782  1.9412269798445518
1783  1.941356832343907
1784  1.9418818079896474
1785  1.9420968220784702
1786  1.941943880505815
1787  1.9420216219333133
1788  1.9421157668996691
1789  1.9423369229410585
1790  1.9427365615028263
1791  1.9429498501830156
1792  1.9432973948414463
1793  1.9436286086335572
1794  1.9436988847122036
1795  1.9438136967281714
1796  1.9443496576338664
1797  1.9447200111491472
1798  1.9448277119668789
1799  1.9451918953744263
1800  1.944907778729934
1801  1.9445216124479965
1802  1.9441862628918665
1803  1.9436545057645516
1804  1.943375684621885
1805  1.943586700210424
1806  1.9446624648147708
1807  1.9455223964789023
1808  1.9458469841414237
1809  1.946110196601327
1810  1.9464249532700115
1811  1.9463174730180326
1812  1.9460180521575645
1813  1.946360580315251
1814  1.9466015726441859
1815  1.9463872047949058
1816  1.946580094204457
1817  1.947065698248386
1818  1.9472384583551807
1819  1.947101144578008
1820  1.9466131303830954
1821  1.9461301301024938
1822  1.9456457657426314
1823  1.945106731052598
1824  1.9449000257561762
1825  1.9453747488656294
1826  1.9455085727822263
1827  1.9448908496011112
1828  1.9443292076426077
1829  1.9443703536625112
1830  1.9444277807615105
1831  1.9443892708920403
1832  1.9443847401644871
1833  1.9445789553301078
1834  1.9449980431863634
1835  1.9444417884912977
1836  1.9436285841418806
1837  1.9428588945820942
1838  1.941874266903521
1839  1.9411026980324175
1840  1.9400353379222919
1841  1.9389954287181177
1842  1.938388380703223
1843  1.9378575017677842
1844  1.9379887646920768
1845  1.9384814325973687
1846  1.9388520867106
1847  1.9391385629164632
1848  1.9390687976186127
1849  1.939004394642476
1850  1.9388391714200346
1851  1.9385358687437726
1852  1.9386522498185632
1853  1.9387227050713982
1854  1.9381653377495918
1855  1.9373170129183308
1856  1.9368333203448562
1857  1.9370940475919216
1858  1.9375497551955843
1859  1.9374137426500284
1860  1.9375465446243545
1861  1.9379958809493745
1862  1.9380858806478007
1863  1.9381395285671674
1864  1.9378169508798708
1865  1.9373682897025457
1866  1.937620295245298
1867  1.9379456259542382
1868  1.9382789127617832
1869  1.9383498367818999
1870  1.9376920037050196
1871  1.9367888044743045
1872  1.9363804903882071
1873  1.936817660015688
1874  1.9370122038581634
1875  1.9367574557601974
1876  1.9363916832037293
1877  1.9363053187538912
1878  1.9361523688076707
1879  1.9356395332126761
1880  1.93573294255574
1881  1.935855829864779
1882  1.9355722233809778
1883  1.9352627452830704
1884  1.934556431686359
1885  1.9335918171203725
1886  1.9330942583926423
1887  1.932857854677101
1888  1.9321202299063598
1889  1.931423652337166
1890  1.9312731213431649
1891  1.932094556509627
1892  1.9328297719162109
1893  1.9327382889629159
1894  1.933197825581626
1895  1.9340828556238332
1896  1.9343718425312992
1897  1.9339625473218742
1898  1.9336348587003451
1899  1.9335656687319256
1900  1.933503496885525
1901  1.9333758825322207
1902  1.9329334226046417
1903  1.9328892148496066
1904  1.9337033439468323
1905  1.934569905147833
1906  1.934994377634659
1907  1.9351521717315752
1908  1.935426282951344
1909  1.9364631607087526
1910  1.9372556722050183
1911  1.9371554484365674
1912  1.9366556084409783
1913  1.9366267303718334
1914  1.9369913564181729
1915  1.9369829964722105
1916  1.9365405582625768
1917  1.9362146508429172
1918  1.936787295103435
1919  1.9373413474645604
1920  1.9376642507180883
1921  1.9383390237330196
1922  1.9389105299576248
1923  1.9396373105296003
1924  1.9397439510201526
1925  1.9392821879018889
1926  1.939054105982671
1927  1.9389173118126124
1928  1.9392003472247648
1929  1.9395218523600326
1930  1.939339430612631
1931  1.9390072657739572
1932  1.939297399892222
1933  1.9395988368449915
1934  1.939880371518839
1935  1.9401296063021738
1936  1.9396793655223936
1937  1.9397336160931216
1938  1.9401405266978198
1939  1.9405198169407605
1940  1.9410103820725009
1941  1.9414982752949055
1942  1.9414981400295193
1943  1.9407251283555254
1944  1.9402742395124144
1945  1.9401259305049294
1946  1.940452278510335
1947  1.9411548784888144
1948  1.9415423828542588
1949  1.941866084140218
1950  1.942675096749692
1951  1.943162156580991
1952  1.9438024848229987
1953  1.9446660556719706
1954  1.9449306591589937
1955  1.944893096901944
1956  1.9450847073781754
1957  1.945618070282499
1958  1.9463280120938378
1959  1.947210973350647
1960  1.9479029099982572
1961  1.9481831186395935
1962  1.9483131960532833
1963  1.9481958897416296
1964  1.9480799806496678
1965  1.9483213892440499
1966  1.94847279155605
1967  1.949081980686475
1968  1.950015028122064
1969  1.950205464341916
1970  1.9504887371137656
1971  1.9511972882659963
1972  1.951426539882744
1973  1.9515085222397066
1974  1.9517095148862917
1975  1.95179855222155
1976  1.951613940654964
1977  1.9513919698935878
1978  1.9511808586673043
1979  1.95137743175705
1980  1.9517491659229598
1981  1.951158708967323
1982  1.9505931737115683
1983  1.9505642988481307
1984  1.9502321532654232
1985  1.9501586493798013
1986  1.950345064170636
1987  1.9502087585986443
1988  1.9505022767739228
1989  1.9508342384061073
1990  1.9508747608097579
1991  1.9508753889876567
1992  1.9511756392937236
1993  1.9513476566822714
1994  1.951306193551467
1995  1.9511486996459282
1996  1.950949443149883
1997  1.9507537207443066
1998  1.9500910551156467
1999  1.9496448283815164
2000  1.949552518372564
2001  1.949475768638074
2002  1.9500285039705472
2003  1.9506948470461716
2004  1.9510088068560738
2005  1.9512351698534107
2006  1.9501524211868297
2007  1.9491993364374527
2008  1.9495055166576074
2009  1.949685063471906
2010  1.949770135543914
2011  1.9497534123188003
2012  1.9494673499638504
2013  1.9494525951589634
2014  1.9493872624124189
2015  1.9493863186016445
2016  1.9500956067205506
2017  1.9504462952255524
2018  1.9502155316940843
2019  1.950213168733401
2020  1.9502236840378049
2021  1.9505544451842385
2022  1.9511412037680267
2023  1.9518674111067078
2024  1.9523010388982263
2025  1.9522048147000413
2026  1.9520466502759168
2027  1.951672105260631
2028  1.9517434581304876
2029  1.9521543717283356
2030  1.9519114315066115
2031  1.951050837027599
2032  1.9499416578258928
2033  1.9492231949477445
2034  1.949407452483464
2035  1.9499985893528038
2036  1.9503284068169078
2037  1.9499692175225247
2038  1.9493158064876899
2039  1.9491506177808773
2040  1.949692269999559
2041  1.9503500691301174
2042  1.9502937347850435
2043  1.949956165430191
2044  1.9501373893260612
2045  1.9502493522159146
2046  1.9500234962322007
2047  1.950144875083971
2048  1.9504021493800943
2049  1.9508945441417365
2050  1.9514046905585747
2051  1.9518692700490523
2052  1.9527002138135003
2053  1.9531807210923449
2054  1.9531983546139666
2055  1.9530901580655629
2056  1.9531879580401408
2057  1.9535940177968765
2058  1.9536028611358573
2059  1.9531416454148747
2060  1.9527650371745113
2061  1.952733062422755
2062  1.9529226498334642
2063  1.9529323429815473
2064  1.9530304772124485
2065  1.9530951270274812
2066  1.9527412395735027
2067  1.9528138227482037
2068  1.9532464302076007
2069  1.953643788238095
2070  1.953461072545154
2071  1.953060917798736
2072  1.9531459800323008
2073  1.9530261055767566
2074  1.9531121342057662
2075  1.9532750211865126
2076  1.9532800573129308
2077  1.9531699887963094
2078  1.952498481178034
2079  1.9519726321274644
2080  1.952269582083643
2081  1.9526349603430107
2082  1.9530271091230602
2083  1.9533439763805522
2084  1.9536336073546878
2085  1.9543078235686013
2086  1.9549111225782168
2087  1.955446541928253
2088  1.9560408503125544
2089  1.9564571264496344
2090  1.956599107351569
2091  1.9559497485806407
2092  1.955042337078672
2093  1.9546762718071424
2094  1.9548415233136587
2095  1.9555224960909017
2096  1.9555768702699743
2097  1.9555488884664523
2098  1.955994360292452
2099  1.9562547105237502
2100  1.9558858964326313
2101  1.9552331174993145
2102  1.954487506861588
2103  1.9538707375776234
2104  1.9537557930916476
2105  1.9538741276101967
2106  1.9536860286135531
2107  1.953080309114537
2108  1.9527718595881298
2109  1.9527136854380316
2110  1.9528840815804465
2111  1.952866808225947
2112  1.9517165238720702
2113  1.9505650642187993
2114  1.9503959964252089
2115  1.9501583325675016
2116  1.9495655485477168
2117  1.9491520045161899
2118  1.9492006638818145
2119  1.9494757817233817
2120  1.9494037724193747
2121  1.9492874260988955
2122  1.9494529628081234
2123  1.9492239350176213
2124  1.948710653832274
2125  1.9477496458954424
2126  1.9474409039423681
2127  1.947963274931713
2128  1.9479865942765924
2129  1.947855635983679
2130  1.9472940265647625
2131  1.9468078946374907
2132  1.9467080512138435
2133  1.946572368340597
2134  1.9465490218770813
2135  1.9462703091214426
2136  1.9459302327285999
2137  1.9455515085218062
2138  1.945592849063698
2139  1.9463991541698844
2140  1.9463434902271368
2141  1.9455660056103457
2142  1.9452845383332493
2143  1.945378760457377
2144  1.945476741643354
2145  1.945123840242172
2146  1.9447154671569895
2147  1.9443443747282623
2148  1.9435634526024614
2149  1.9434201563106988
2150  1.9437300230734342
2151  1.9434957291202832
2152  1.9429942438598116
2153  1.9424660222092736
2154  1.9423090345776348
2155  1.9425917604298688
2156  1.943252459011278
2157  1.9441918864391736
2158  1.9445777820344081
2159  1.9441073572074143
2160  1.9432973788484476
2161  1.9427005287044992
2162  1.9432309287251934
2163  1.9444680266565852
2164  1.944851524611445
2165  1.944623036168382
2166  1.9449201245372214
2167  1.9451943780748944
2168  1.945442474654638
2169  1.9460987973500072
2170  1.9467644630153493
2171  1.9477803583335855
2172  1.9486276103604905
2173  1.948859182357524
2174  1.9489178625027268
2175  1.949050518108793
2176  1.9490371315774693
2177  1.9492027195352377
2178  1.9496733727012638
2179  1.9495950281347645
2180  1.9491660599995189
2181  1.948932207076744
2182  1.9484111591747724
2183  1.9479394447944949
2184  1.9477032155617515
2185  1.947324663321028
2186  1.9470927098135733
2187  1.947053596749149
2188  1.9469639289540952
2189  1.9468644556930177
2190  1.9471033682484342
2191  1.9475341578087126
2192  1.9477323666258588
2193  1.9473823906130956
2194  1.9471859838289554
2195  1.9469263780051875
2196  1.9459509052045898
2197  1.9455430417102517
2198  1.945941097312424
2199  1.946203811301876
2200  1.9465213026451267
2201  1.9473191432719332
2202  1.947967465849143
2203  1.9480505887806372
2204  1.9479289462039822
2205  1.947664732850505
2206  1.9478652396705862
2207  1.9480892095210505
2208  1.9476707284276258
2209  1.9467079958650204
2210  1.9459419940731508
2211  1.9457644537110894
2212  1.9456757608619413
2213  1.945346993842006
2214  1.9448322409126864
2215  1.9445761058393773
2216  1.9445997713584864
2217  1.944625975339037
2218  1.9441729571935784
2219  1.943787350812861
2220  1.94414726582058
2221  1.9449368238919162
2222  1.945564093206406
2223  1.9456624728590666
2224  1.9452330127105315
2225  1.945073014520084
2226  1.9453899160576118
2227  1.9457908995131021
2228  1.9461475673043191
2229  1.9467213074820873
2230  1.9470379429595417
2231  1.9470953559306565
2232  1.947393581490986
2233  1.9472044138938234
2234  1.9472874426830824
2235  1.9477004069728874
2236  1.9478204211348742
2237  1.9477341740860987
2238  1.9475425071355028
2239  1.94740289711346
2240  1.9472227605564318
2241  1.9470512284892436
2242  1.9469247374095089
2243  1.946787727145205
2244  1.9464145472115524
2245  1.9461542913776293
2246  1.9460255577426393
2247  1.94637767763587
2248  1.947074822161471
2249  1.94698115316215
2250  1.9469194335156668
2251  1.9475375865894247
2252  1.9485127907800512
2253  1.9492446065110396
2254  1.9494164939770207
2255  1.949733162278523
2256  1.9501916406639461
2257  1.950738436599818
2258  1.9511760933184916
2259  1.9512118267163958
2260  1.9513626666424013
2261  1.9513948347447172
2262  1.951514592496612
2263  1.9520092410853762
2264  1.9525211578728905
2265  1.9530324440348128
2266  1.9529837249162236
2267  1.9524898971665887
2268  1.9519772438749237
2269  1.9516134934432612
2270  1.9514707252902144
2271  1.951303611869821
2272  1.95137912023674
2273  1.9520124024042431
2274  1.9521196289138723
2275  1.95182478675693
2276  1.951807392282958
2277  1.9517982478062343
2278  1.9520735677352
2279  1.9521446708042618
2280  1.9518540743809119
2281  1.9516520537694615
2282  1.9514852258797868
2283  1.9515195028694734
2284  1.9518260478761813
2285  1.9523841037231924
2286  1.9527371500835775
2287  1.952338591964399
2288  1.9513910725655494
2289  1.9509506273460393
2290  1.95070957841724
2291  1.9500906290509963
2292  1.949645563838547
2293  1.9490394797657424
2294  1.9485039955029126
2295  1.9486042370078902
2296  1.9487678577876257
2297  1.9488049511129286
2298  1.9491212222878573
2299  1.9493835111143039
2300  1.9495442909441971
2301  1.9492401624358169
2302  1.9486839698392475
2303  1.9487791343869239
2304  1.9492289554047897
2305  1.9494110637942215
2306  1.9494046140882166
2307  1.9498800861789285
2308  1.9503258413963267
2309  1.9504869088160424
2310  1.9508281663848006
2311  1.9511538063823202
2312  1.9512532359711943
2313  1.951388466858978
2314  1.9514653653356528
2315  1.9516296486015234
2316  1.9516565857241814
2317  1.9509719439553277
2318  1.9506280741264124
2319  1.950882257349443
2320  1.9511653042710528
2321  1.9515391387110486
2322  1.9516886236594668
2323  1.9516770872249538
2324  1.9516162541954722
2325  1.9516439452257714
2326  1.9519527398211716
2327  1.9521740742242695
2328  1.9526861327680318
2329  1.9528509361401083
2330  1.952716730206106
2331  1.9526058087928029
2332  1.9528965758879329
2333  1.9536335485117264
2334  1.9538640102323186
2335  1.9539481481652414
2336  1.9538544173723882
2337  1.9533216179213473
2338  1.953302652771187
2339  1.9537543202916121
2340  1.953471429949151
2341  1.9531093799221315
2342  1.9533554425581126
2343  1.9536419930011855
2344  1.953370280067549
2345  1.9531522451674255
2346  1.9531689067291917
2347  1.9533061593105856
2348  1.9535105669162904
2349  1.95365821612503
2350  1.9537826722639704
2351  1.9534178400127582
2352  1.9529020573637401
2353  1.9524584441223685
2354  1.9519746045021364
2355  1.9518033571347233
2356  1.9519411404774658
2357  1.952023529518569
2358  1.952173966898891
2359  1.9521911904610556
2360  1.9518134693049014
2361  1.9517775748488497
2362  1.9518207375332222
2363  1.9514559302671242
2364  1.951259956702187
2365  1.951261500392123
2366  1.9514788198344066
2367  1.951756035003026
2368  1.9519673086910654
2369  1.9524275176090158
2370  1.9528097851456732
2371  1.952943683852984
2372  1.9529994761352736
2373  1.953075355829787
2374  1.9533994946879616
2375  1.953715682443094
2376  1.9539306542082087
2377  1.9541154305958688
2378  1.9536653906591315
2379  1.9528679687747443
2380  1.9523961642657088
2381  1.9525959581630756
2382  1.9529924883769472
2383  1.9533599541426485
2384  1.9542594945385783
2385  1.955266141368216
2386  1.9556004494831833
2387  1.9552955059014485
2388  1.9549906457441908
2389  1.9549591342328207
2390  1.9549923810395817
2391  1.9544380925802713
2392  1.9540763191626915
2393  1.9546103816565668
2394  1.9551854868982876
2395  1.9551920045506597
2396  1.9549512050547306
2397  1.954667639332647
2398  1.9548771456855694
2399  1.9556683243726458
2400  1.9559800980462398
2401  1.9559270442692176
2402  1.9560888567209718
2403  1.9557688037614716
2404  1.95511877313632
2405  1.9549022971872787
2406  1.9550955027426953
2407  1.9551573530203432
2408  1.9549825928741105
2409  1.9548984368017865
2410  1.9549547372008378
2411  1.9550236007008612
2412  1.9551619172259491
2413  1.955508470469645
2414  1.9559375097398595
2415  1.9560907806851446
2416  1.9561050872637056
2417  1.9561538022435403
2418  1.9560251696026445
2419  1.9559907260739757
2420  1.9558214442985231
2421  1.9555123660027678
2422  1.9555482521225875
2423  1.9562065185186357
2424  1.956952535593589
2425  1.9570499959000385
2426  1.9573803838917776
2427  1.9579492968993895
2428  1.9580652728759806
2429  1.9582997475791257
2430  1.958476591914673
2431  1.9582228138859696
2432  1.9581211456064367
2433  1.9580178689596193
2434  1.957865027976601
2435  1.9580560449445708
2436  1.9581700729792266
2437  1.958229892603673
2438  1.9581337791036408
2439  1.9579217489225957
2440  1.9578439985188285
2441  1.9579266395330306
2442  1.958033507123885
2443  1.9577192303091504
2444  1.9571132133545468
2445  1.9568711389302549
2446  1.9571710695722428
2447  1.957721906879419
2448  1.9579634736666685
2449  1.958118729050384
2450  1.958237646061338
2451  1.9578948446718236
2452  1.9580749730636133
2453  1.958743060142193
2454  1.9589155692016151
2455  1.9587183267789336
2456  1.9584932284011884
2457  1.9584412485087057
2458  1.9585143525827389
2459  1.9585303257617028
2460  1.9582870409393214
2461  1.9580081820592043
2462  1.9577437486980647
2463  1.9575193813218683
2464  1.9577169967825416
2465  1.957890743783841
2466  1.9576690863490895
2467  1.9575239135750988
2468  1.9575807193175825
2469  1.9578988166024323
2470  1.9585610999390959
2471  1.9587118341719383
2472  1.9582845072969113
2473  1.9578563857891795
2474  1.9575373760584929
2475  1.9573169262365917
2476  1.9568009034103973
2477  1.9562267661838904
2478  1.9559903936199217
2479  1.9557252116026973
2480  1.9553302326052162
2481  1.9548845430582393
2482  1.954410783136205
2483  1.9543835546142132
2484  1.9549012761795497
2485  1.9551672835652099
2486  1.9547917540900972
2487  1.9545327028084871
2488  1.9545527208120288
2489  1.9547957508508513
2490  1.9548304378522006
2491  1.954363090692284
2492  1.9545016546077154
2493  1.9548554141304109
2494  1.9547472976661153
2495  1.9549946378684615
2496  1.9549733648158854
2497  1.9548968072847324
2498  1.9552815486558075
2499  1.9552342208326867
2500  1.955438301162342
2501  1.9557257588753003
2502  1.9555003525982633
2503  1.9551803476447291
2504  1.9546680304072097
2505  1.9543753147945029
2506  1.954315066207903
2507  1.9541764319489034
2508  1.9542198582469927
2509  1.953922338468213
2510  1.9539535443623732
2511  1.9544485124268476
2512  1.9545793640710736
2513  1.9543888399887055
2514  1.9543946850569365
2515  1.9544539625559565
2516  1.9544133395017391
2517  1.9546035301145848
2518  1.9547709115173535
2519  1.9552989464768975
2520  1.9558214527413547
2521  1.955903524865908
2522  1.9555421381168547
2523  1.9553180422006604
2524  1.9558629712774078
2525  1.9559654959808046
2526  1.9554616780859289
2527  1.9555369598764965
2528  1.9557800836370753
2529  1.955631392950809
2530  1.955123765707729
2531  1.9544200763315567
2532  1.953649354629295
2533  1.9533054777179246
2534  1.9529703148020594
2535  1.9526103993566548
2536  1.9527496161161284
2537  1.9525820244549297
2538  1.952147954297539
2539  1.9521237234915019
2540  1.9526605326465596
2541  1.9533042459146301
2542  1.9537066693171508
2543  1.953997738834452
2544  1.9543779851929568
2545  1.9549231948436399
2546  1.9555054991933336
2547  1.955833888985609
2548  1.9562820111085648
2549  1.95681617523793
2550  1.9568395961161404
2551  1.9571661130466655
2552  1.9574392452378506
2553  1.957300822571159
2554  1.9571349325890843
2555  1.9568737698189254
2556  1.9568735894800913
2557  1.9568732158126656
2558  1.9569376442086375
2559  1.9566021180021664
2560  1.956313455381376
2561  1.9561891251453911
2562  1.9556101720870742
2563  1.9548703923252158
2564  1.954503812402485
2565  1.9548294297539093
2566  1.9553327920842567
2567  1.9549223686233705
2568  1.953902917748539
2569  1.9533575503543357
2570  1.9533508307137226
2571  1.9535666015007478
2572  1.953660381152393
2573  1.9539077180150457
2574  1.9542023071841488
2575  1.954585796691113
2576  1.9552951497599884
2577  1.95578811804757
2578  1.9558175577133696
2579  1.9553496802991628
2580  1.9551663646554318
2581  1.9554089786499262
2582  1.9552008344591711
2583  1.9546881716620945
2584  1.954081881883875
2585  1.9538398058644357
2586  1.9541378354252439
2587  1.9544584545849135
2588  1.954586706289186
2589  1.9545611619041614
2590  1.9542973382302598
2591  1.9540486558717969
2592  1.9538218280156783
2593  1.953684580271933
2594  1.953808665412225
2595  1.9541603942817627
2596  1.9546800816037246
2597  1.955454584633249
2598  1.9559169080676975
2599  1.9557162918661883
2600  1.955530190489385
2601  1.955742069970335
2602  1.9559409607202365
2603  1.9558687280419462
2604  1.9555922317381835
2605  1.9554775519880436
2606  1.9554056362981764
2607  1.9550187511391208
2608  1.9549703032111352
2609  1.9552424015589795
2610  1.955446347683273
2611  1.9552868644288417
2612  1.9547225686562921
2613  1.9540734198383252
2614  1.9533688349012308
2615  1.9524681086596904
2616  1.9516556331946495
2617  1.9510243805121774
2618  1.9501671812074188
2619  1.949853457713424
2620  1.9502447431516585
2621  1.9503586462625493
2622  1.9501991059805457
2623  1.950072795112588
2624  1.9504040282538677
2625  1.950883876454125
2626  1.951664971021981
2627  1.9529376240985095
2628  1.9537059456057657
2629  1.9539733269589556
2630  1.9541375195645347
2631  1.9544279484876816
2632  1.9546929383736218
2633  1.9544056829827625
2634  1.9541234703093553
2635  1.9542362880204833
2636  1.954247278432189
2637  1.954185234517012
2638  1.954234690861911
2639  1.9538063283587432
2640  1.9533891239813383
2641  1.9532416556056864
2642  1.953118375494363
2643  1.9533198713701736
2644  1.9535165827677818
2645  1.953626613905188
2646  1.9536931775112913
2647  1.953602959286081
2648  1.9537222219899348
2649  1.9539641915508645
2650  1.954192195774984
2651  1.9542426726988824
2652  1.9543126069957129
2653  1.9551015745799454
2654  1.9557974004853012
2655  1.9557061066756818
2656  1.9553132996833322
2657  1.9549174457841898
2658  1.9548803059820634
2659  1.9556284773107602
2660  1.9558873166959556
2661  1.9555674271113097
2662  1.955393769251698
2663  1.9551608297374574
2664  1.9551781701353224
2665  1.9555462649725013
2666  1.9556379537972008
2667  1.955099323529104
2668  1.9545555565208172
2669  1.9545026503969876
2670  1.9546016682402334
2671  1.9545929291143431
2672  1.9547734407700281
2673  1.954710648590742
2674  1.9545112738702968
2675  1.954517526329464
2676  1.9542020776270177
2677  1.9540255519953214
2678  1.954202581040866
2679  1.9544529690228198
2680  1.9547276907160225
2681  1.9549851313531297
2682  1.9550995742564372
2683  1.954903899341599
2684  1.95488366849453
2685  1.9551739352542004
2686  1.9555574957874087
2687  1.9557576464524025
2688  1.9558390783711364
2689  1.9562135314493763
2690  1.9565710395346216
2691  1.9566779570765174
2692  1.9566010143037909
2693  1.9564370488453924
2694  1.9565385863910982
2695  1.9565550786711678
2696  1.9560979469431605
2697  1.9555751787497377
2698  1.95533894684757
2699  1.9554289567680427
2700  1.9555672383359954
2701  1.9557919474041547
2702  1.9557450373502792
2703  1.9554270144406958
2704  1.955137982653125
2705  1.954915434770079
2706  1.9547765952972065
2707  1.954826688323068
2708  1.955338477579985
2709  1.9554691221403693
2710  1.9553367657173393
2711  1.9555264099360146
2712  1.9556493494732698
2713  1.955420799188564
2714  1.9553291429632669
2715  1.9551226753023727
2716  1.9547079151603062
2717  1.9547656994302074
2718  1.9549837349740153
2719  1.9553311410214198
2720  1.9555568897778168
2721  1.9555738831806815
2722  1.9554462757632596
2723  1.9550968662827672
2724  1.9550372119569555
2725  1.9554523034142701
2726  1.9559553249226544
2727  1.9563475396022
2728  1.9563101833577472
2729  1.9561428115976447
2730  1.9566349357152497
2731  1.957226108488404
2732  1.9573778787626674
2733  1.9574235889170464
2734  1.9573598427685064
2735  1.9572871929810964
2736  1.9570649220554022
2737  1.9568264498055383
2738  1.9567399469521065
2739  1.9563998839400951
2740  1.9562982373197624
2741  1.9564319489332258
2742  1.9560622215028205
2743  1.9552508151279266
2744  1.954760976042737
2745  1.9549768928922506
2746  1.9555944333741226
2747  1.9558163072906922
2748  1.9555321394496696
2749  1.9553452404830687
2750  1.9555882616107845
2751  1.9559891853678126
2752  1.9559145106945768
2753  1.9556839397100538
2754  1.9557735113722532
2755  1.955813173122348
2756  1.955394791756864
2757  1.9551568430223603
2758  1.9556924208687587
2759  1.9557303595685231
2760  1.9554154619265378
2761  1.9556615295150734
2762  1.9557920066482513
2763  1.9556092720444291
2764  1.9555051225144904
2765  1.9551773846115763
2766  1.955144569094993
2767  1.955809508072953
2768  1.9560176057725367
2769  1.9562876463945218
2770  1.956804210837582
2771  1.9568609984653222
2772  1.9566658632892966
2773  1.95629626653072
2774  1.9555792850054632
2775  1.9545546919220944
2776  1.9543847124538367
2777  1.9545200108737006
2778  1.9541961358843984
2779  1.9538608835470708
2780  1.953780529998375
2781  1.9539794874775975
2782  1.9537015301929261
2783  1.9532219269561788
2784  1.9526457651144895
2785  1.95258236791386
2786  1.9527369384962232
2787  1.9523667372440205
2788  1.952587859089358
2789  1.9532822859160792
2790  1.9538917527400668
2791  1.9541735963699682
2792  1.9538357382495661
2793  1.9537143713785787
2794  1.9538849826159628
2795  1.9541747561387166
2796  1.954675323394246
2797  1.9549162619810094
2798  1.954646683974993
2799  1.954249015663211
2800  1.9540318872063722
2801  1.953692007279676
2802  1.9538358029678315
2803  1.9543739957601292
2804  1.954264727965657
2805  1.9540371484586498
2806  1.9543533383917617
2807  1.9545491488323736
2808  1.9544993016258234
2809  1.9544878184412562
2810  1.954599951317062
2811  1.9548135751370954
2812  1.9546810613616137
2813  1.9540654251790133
2814  1.9533154185755421
2815  1.952767878006297
2816  1.9525362198979967
2817  1.9523590979187413
2818  1.95184554355846
2819  1.9515857804639964
2820  1.9516162537134234
2821  1.951335538219655
2822  1.9511193164961833
2823  1.9511978062503024
2824  1.9513495956600233
2825  1.9512984269116336
2826  1.9511712877064653
2827  1.9509480165752517
2828  1.9506880091110463
2829  1.9503335531711292
2830  1.9500861459238803
2831  1.9501804556486926
2832  1.950154064995816
2833  1.9500775325922635
2834  1.950196674008367
2835  1.950802358470874
2836  1.9512673562026532
2837  1.951209955374752
2838  1.9511463111457494
2839  1.9510694472678634
2840  1.9507010233042115
2841  1.9500907011792
2842  1.949796714420354
2843  1.949740443852532
2844  1.949871403620287
2845  1.950170661561677
2846  1.9502565812502386
2847  1.9504225494643328
2848  1.9507606843523921
2849  1.9505096142292357
2850  1.9501070147794115
2851  1.9503385239674014
2852  1.9504065565980382
2853  1.9507053308515587
2854  1.9513136581970218
2855  1.9517581401853858
2856  1.9524380390366822
2857  1.952655865760228
2858  1.9524741096685554
2859  1.9522771364033118
2860  1.9521299375300485
2861  1.9521294615071285
2862  1.952210517533884
2863  1.9526236168959472
2864  1.9531023639087335
2865  1.953656156209915
2866  1.9542177527456324
2867  1.9544456551264167
2868  1.954924603596792
2869  1.9554576433343422
2870  1.955783535707935
2871  1.9561675583710703
2872  1.9562719324562015
